          99
  -94.9952393       0.00000000    
  -89.9944153       0.00000000    
  -84.9935837       0.00000000    
  -79.9927521       0.00000000    
  -74.9919205       0.00000000    
  -69.9910965       0.00000000    
  -64.9902649       0.00000000    
  -59.9894333       0.00000000    
  -54.9886055       0.00000000    
  -49.9877815       0.00000000    
  -44.9899330       0.00000000    
  -39.9920807       0.00000000    
  -34.9942322       0.00000000    
  -29.9963837       0.00000000    
  -24.9985313       0.00000000    
  -19.9991932       0.00000000    
  -14.9998531       0.00000000    
  -10.0001411       0.00000000    
  -5.00005674      -0.00000000    
   0.00000000      -1.04960427E-02
   4.99852896      -4.16970402E-02
   9.98848248      -8.23068395E-02
   14.9622440     -0.120790042    
   19.9140720     -0.156196073    
   24.8406429     -0.187692225    
   29.7411060     -0.214580327    
   34.6170769     -0.236300811    
   39.4724426     -0.252428561    
   44.3128319     -0.262663811    
   49.1440659     -0.266825497    
   53.9720421     -0.264841467    
   58.8083191     -0.256747156    
   63.6576767     -0.242682084    
   68.5261536     -0.222904816    
   73.4173889     -0.197792500    
   78.3346786     -0.167858630    
   83.2780762     -0.133752301    
   88.2443161      -9.62559879E-02
   93.2295151      -5.62878363E-02
   98.2257004      -1.48311816E-02
   103.230377       2.69943811E-02
   108.225357       6.81209862E-02
   113.202728      0.107481644    
   118.164566      0.144067302    
   123.100235      0.177036852    
   128.008682      0.205630675    
   132.894440      0.229232833    
   137.756683      0.247382909    
   142.601532      0.259726584    
   147.430984      0.266053408    
   152.258957      0.266250759    
   157.087631      0.260315776    
   161.931686      0.248352438    
   166.793152      0.230566904    
   171.676620      0.207301468    
   176.583527      0.179012686    
   181.517670      0.146303222    
   186.477936      0.109923787    
   191.454544       7.07146525E-02
   196.448135       3.05507910E-02
   201.454788       5.29724546E-03
   206.461578       0.00000000    
   211.468369       0.00000000    
   216.475159       0.00000000    
   221.481949       0.00000000    
   226.488739       0.00000000    
   231.495529       0.00000000    
   236.502319       0.00000000    
   241.509109       0.00000000    
   246.515900       0.00000000    
   251.522690       0.00000000    
   256.529480       0.00000000    
   261.536255       0.00000000    
   266.543060       0.00000000    
   271.549835       0.00000000    
   276.556641       0.00000000    
   281.563416       0.00000000    
   286.570221       0.00000000    
   291.576996       0.00000000    
   296.583801       0.00000000    
   301.590576       0.00000000    
   306.597382       0.00000000    
   311.604156       0.00000000    
   316.610962       0.00000000    
   321.617737       0.00000000    
   326.624542       0.00000000    
   331.631317       0.00000000    
   336.638123       0.00000000    
   341.644897       0.00000000    
   346.651703       0.00000000    
   351.658478       0.00000000    
   356.665283       0.00000000    
   361.672058       0.00000000    
   366.678864       0.00000000    
   371.685638       0.00000000    
   376.692444       0.00000000    
   381.699219       0.00000000    
   386.706024       0.00000000    
   391.712799       0.00000000    
