 -0.1799933E+01 -0.5437610E-16 -0.1000000E+01
 -0.1790243E+01 -0.2251719E-11 -0.1000000E+01
 -0.1780553E+01 -0.3737059E-11 -0.1000000E+01
 -0.1770863E+01 -0.3312475E-11 -0.1000000E+01
 -0.1761173E+01 -0.5024036E-12 -0.1000000E+01
 -0.1751483E+01  0.3827868E-11 -0.1000000E+01
 -0.1741793E+01  0.7390336E-11 -0.1000000E+01
 -0.1732103E+01  0.7362081E-11 -0.1000000E+01
 -0.1722412E+01  0.2103265E-11 -0.1000000E+01
 -0.1712722E+01 -0.7112759E-11 -0.1000000E+01
 -0.1703032E+01 -0.1559873E-10 -0.1000000E+01
 -0.1693342E+01 -0.1695174E-10 -0.1000000E+01
 -0.1683652E+01 -0.6803396E-11 -0.1000000E+01
 -0.1673962E+01  0.1307419E-10 -0.1000000E+01
 -0.1664272E+01  0.3308551E-10 -0.1000000E+01
 -0.1654582E+01  0.3893597E-10 -0.1000000E+01
 -0.1644892E+01  0.1963148E-10 -0.1000000E+01
 -0.1635201E+01 -0.2303919E-10 -0.1000000E+01
 -0.1625511E+01 -0.6964820E-10 -0.1000000E+01
 -0.1615821E+01 -0.8860593E-10 -0.1000000E+01
 -0.1606131E+01 -0.5300860E-10 -0.1000000E+01
 -0.1596441E+01  0.3777629E-10 -0.1000000E+01
 -0.1586751E+01  0.1450378E-09 -0.1000000E+01
 -0.1577061E+01  0.1996214E-09 -0.1000000E+01
 -0.1567371E+01  0.1369961E-09 -0.1000000E+01
 -0.1557681E+01 -0.5415822E-10 -0.1000000E+01
 -0.1547990E+01 -0.2982529E-09 -0.1000000E+01
 -0.1538300E+01 -0.4453269E-09 -0.1000000E+01
 -0.1528610E+01 -0.3430807E-09 -0.1000000E+01
 -0.1518920E+01  0.5482157E-10 -0.1000000E+01
 -0.1509230E+01  0.6045447E-09 -0.1000000E+01
 -0.1499540E+01  0.9840266E-09 -0.1000000E+01
 -0.1489850E+01  0.8387839E-09 -0.1000000E+01
 -0.1480160E+01  0.2103903E-10 -0.1000000E+01
 -0.1470470E+01 -0.1204790E-08 -0.1000000E+01
 -0.1460779E+01 -0.2153956E-08 -0.1000000E+01
 -0.1451089E+01 -0.2011478E-08 -0.1000000E+01
 -0.1441399E+01 -0.3551558E-09 -0.1000000E+01
 -0.1431709E+01  0.2352269E-08 -0.1000000E+01
 -0.1422019E+01  0.4670493E-08 -0.1000000E+01
 -0.1412329E+01  0.4746667E-08 -0.1000000E+01
 -0.1402639E+01  0.1448661E-08 -0.1000000E+01
 -0.1392949E+01 -0.4475064E-08 -0.1000000E+01
 -0.1383259E+01 -0.1002983E-07 -0.1000000E+01
 -0.1373569E+01 -0.1104680E-07 -0.1000000E+01
 -0.1363878E+01 -0.4614629E-08 -0.1000000E+01
 -0.1354188E+01  0.8224391E-08 -0.1000000E+01
 -0.1344498E+01  0.2132315E-07 -0.1000000E+01
 -0.1334808E+01  0.2539454E-07 -0.1000000E+01
 -0.1325118E+01  0.1317486E-07 -0.1000000E+01
 -0.1315428E+01 -0.1438400E-07 -0.1000000E+01
 -0.1305738E+01 -0.4484970E-07 -0.1000000E+01
 -0.1296048E+01 -0.5772850E-07 -0.1000000E+01
 -0.1286358E+01 -0.3531447E-07 -0.1000000E+01
 -0.1276667E+01  0.2324631E-07 -0.1000000E+01
 -0.1266977E+01  0.9324310E-07 -0.1000000E+01
 -0.1257287E+01  0.1298761E-06 -0.1000000E+01
 -0.1247597E+01  0.9078749E-07 -0.1000000E+01
 -0.1237907E+01 -0.3231992E-07 -0.1000000E+01
 -0.1228217E+01 -0.1913615E-06 -0.1000000E+01
 -0.1218527E+01 -0.2893252E-06 -0.1000000E+01
 -0.1208837E+01 -0.2264640E-06 -0.1000000E+01
 -0.1199147E+01  0.2933055E-07 -0.1000000E+01
 -0.1189456E+01  0.3869696E-06 -0.1000000E+01
 -0.1179766E+01  0.6384114E-06 -0.1000000E+01
 -0.1170076E+01  0.5519393E-06 -0.1000000E+01
 -0.1160386E+01  0.2731221E-07 -0.1000000E+01
 -0.1150696E+01 -0.7690530E-06 -0.1000000E+01
 -0.1141006E+01 -0.1395515E-05 -0.1000000E+01
 -0.1131316E+01 -0.1320253E-05 -0.1000000E+01
 -0.1121626E+01 -0.2601208E-06 -0.1000000E+01
 -0.1111936E+01  0.1496451E-05 -0.1000000E+01
 -0.1102245E+01  0.3022005E-05 -0.1000000E+01
 -0.1092555E+01  0.3109233E-05 -0.1000000E+01
 -0.1082865E+01  0.1004017E-05 -0.1000000E+01
 -0.1073175E+01 -0.2835101E-05 -0.1000000E+01
 -0.1063485E+01 -0.6483270E-05 -0.1000000E+01
 -0.1053795E+01 -0.7227283E-05 -0.1000000E+01
 -0.1044105E+01 -0.3135569E-05 -0.1000000E+01
 -0.1034415E+01  0.5179148E-05 -0.1000000E+01
 -0.1024724E+01  0.1377599E-04 -0.1000000E+01
 -0.1015034E+01  0.1661525E-04 -0.1000000E+01
 -0.1005344E+01  0.8884549E-05 -0.1000000E+01
 -0.9956542E+00 -0.8958330E-05 -0.1000000E+01
 -0.9859641E+00 -0.2897656E-04 -0.1000000E+01
 -0.9762740E+00 -0.3784292E-04 -0.1000000E+01
 -0.9665839E+00 -0.2378460E-04 -0.1000000E+01
 -0.9568938E+00  0.1424986E-04 -0.1000000E+01
 -0.9472036E+00  0.6066155E-04 -0.1000000E+01
 -0.9375135E+00  0.8622824E-04 -0.1000000E+01
 -0.9278234E+00  0.6216505E-04 -0.1000000E+01
 -0.9181333E+00 -0.1943817E-04 -0.1000000E+01
 -0.9084432E+00 -0.1298263E-03 -0.1000000E+01
 -0.8987531E+00 -0.2049457E-03 -0.1000000E+01
 -0.8890630E+00 -0.1702755E-03 -0.1000000E+01
 -0.8793729E+00  0.1654515E-04 -0.1000000E+01
 -0.8696828E+00  0.3217796E-03 -0.1000000E+01
 -0.8599927E+00  0.6084280E-03 -0.9999999E+00
 -0.8503026E+00  0.6337464E-03 -0.9999999E+00
 -0.8406125E+00  0.6489769E-04 -0.1000000E+01
 -0.8309224E+00 -0.1499077E-02 -0.9999989E+00
 -0.8212323E+00 -0.4499897E-02 -0.9999899E+00
 -0.8115422E+00 -0.9372237E-02 -0.9999561E+00
 -0.8018520E+00 -0.1646253E-01 -0.9998645E+00
 -0.7921619E+00 -0.2593161E-01 -0.9996637E+00
 -0.7824718E+00 -0.3769251E-01 -0.9992894E+00
 -0.7727817E+00 -0.5142897E-01 -0.9986766E+00
 -0.7630916E+00 -0.6668936E-01 -0.9977737E+00
 -0.7534015E+00 -0.8299102E-01 -0.9965503E+00
 -0.7437114E+00 -0.9988490E-01 -0.9949989E+00
 -0.7340213E+00 -0.1169774E+00 -0.9931345E+00
 -0.7243311E+00 -0.1339541E+00 -0.9909875E+00
 -0.7146410E+00 -0.1506096E+00 -0.9885933E+00
 -0.7049509E+00 -0.1668597E+00 -0.9859806E+00
 -0.6952608E+00 -0.1827112E+00 -0.9831666E+00
 -0.6855707E+00 -0.1982083E+00 -0.9801600E+00
 -0.6758806E+00 -0.2133955E+00 -0.9769660E+00
 -0.6661905E+00 -0.2282939E+00 -0.9735922E+00
 -0.6565003E+00 -0.2428924E+00 -0.9700532E+00
 -0.6468103E+00 -0.2571494E+00 -0.9663717E+00
 -0.6371201E+00 -0.2710183E+00 -0.9625742E+00
 -0.6274301E+00 -0.2844706E+00 -0.9586847E+00
 -0.6177399E+00 -0.2975014E+00 -0.9547213E+00
 -0.6080499E+00 -0.3101139E+00 -0.9506994E+00
 -0.5983597E+00 -0.3223112E+00 -0.9466337E+00
 -0.5886697E+00 -0.3340953E+00 -0.9425393E+00
 -0.5789795E+00 -0.3454656E+00 -0.9384314E+00
 -0.5692894E+00 -0.3564146E+00 -0.9343279E+00
 -0.5595993E+00 -0.3669336E+00 -0.9302472E+00
 -0.5499091E+00 -0.3770191E+00 -0.9262055E+00
 -0.5402191E+00 -0.3866743E+00 -0.9222164E+00
 -0.5305289E+00 -0.3959036E+00 -0.9182922E+00
 -0.5208389E+00 -0.4047098E+00 -0.9144452E+00
 -0.5111487E+00 -0.4130972E+00 -0.9106870E+00
 -0.5014586E+00 -0.4210692E+00 -0.9070284E+00
 -0.4917685E+00 -0.4286284E+00 -0.9034809E+00
 -0.4820784E+00 -0.4357763E+00 -0.9000550E+00
 -0.4723883E+00 -0.4425177E+00 -0.8967598E+00
 -0.4626982E+00 -0.4488579E+00 -0.8936031E+00
 -0.4530081E+00 -0.4548022E+00 -0.8905925E+00
 -0.4433180E+00 -0.4603548E+00 -0.8877351E+00
 -0.4336278E+00 -0.4655208E+00 -0.8850369E+00
 -0.4239378E+00 -0.4703045E+00 -0.8825042E+00
 -0.4142476E+00 -0.4747091E+00 -0.8801427E+00
 -0.4045576E+00 -0.4787384E+00 -0.8779576E+00
 -0.3948674E+00 -0.4823968E+00 -0.8759528E+00
 -0.3851773E+00 -0.4856883E+00 -0.8741321E+00
 -0.3754872E+00 -0.4886161E+00 -0.8724989E+00
 -0.3657970E+00 -0.4911840E+00 -0.8710558E+00
 -0.3561070E+00 -0.4933946E+00 -0.8698055E+00
 -0.3464168E+00 -0.4952499E+00 -0.8687505E+00
 -0.3367268E+00 -0.4967514E+00 -0.8678929E+00
 -0.3270366E+00 -0.4979010E+00 -0.8672338E+00
 -0.3173466E+00 -0.4986999E+00 -0.8667747E+00
 -0.3076564E+00 -0.4991495E+00 -0.8665158E+00
 -0.2979664E+00 -0.4992505E+00 -0.8664578E+00
 -0.2882762E+00 -0.4990033E+00 -0.8666000E+00
 -0.2785861E+00 -0.4984072E+00 -0.8669431E+00
 -0.2688960E+00 -0.4974612E+00 -0.8674863E+00
 -0.2592059E+00 -0.4961641E+00 -0.8682287E+00
 -0.2495158E+00 -0.4945145E+00 -0.8691694E+00
 -0.2398256E+00 -0.4925105E+00 -0.8703066E+00
 -0.2301356E+00 -0.4901501E+00 -0.8716381E+00
 -0.2204454E+00 -0.4874312E+00 -0.8731614E+00
 -0.2107553E+00 -0.4843506E+00 -0.8748741E+00
 -0.2010652E+00 -0.4809052E+00 -0.8767726E+00
 -0.1913751E+00 -0.4770918E+00 -0.8788534E+00
 -0.1816850E+00 -0.4729062E+00 -0.8811128E+00
 -0.1719949E+00 -0.4683438E+00 -0.8835462E+00
 -0.1623048E+00 -0.4634005E+00 -0.8861490E+00
 -0.1526147E+00 -0.4580722E+00 -0.8889150E+00
 -0.1429245E+00 -0.4523546E+00 -0.8918381E+00
 -0.1332345E+00 -0.4462437E+00 -0.8949115E+00
 -0.1235443E+00 -0.4397353E+00 -0.8981274E+00
 -0.1138543E+00 -0.4328251E+00 -0.9014780E+00
 -0.1041641E+00 -0.4255070E+00 -0.9049551E+00
 -0.9447396E-01 -0.4177766E+00 -0.9085497E+00
 -0.8478391E-01 -0.4096309E+00 -0.9122514E+00
 -0.7509375E-01 -0.4010662E+00 -0.9160491E+00
 -0.6540370E-01 -0.3920788E+00 -0.9199316E+00
 -0.5571353E-01 -0.3826674E+00 -0.9238862E+00
 -0.4602349E-01 -0.3728314E+00 -0.9278990E+00
 -0.3633332E-01 -0.3625686E+00 -0.9319571E+00
 -0.2664328E-01 -0.3518767E+00 -0.9360464E+00
 -0.1695311E-01 -0.3407567E+00 -0.9401515E+00
 -0.7263064E-02 -0.3292122E+00 -0.9442560E+00
  0.2427101E-02 -0.3172442E+00 -0.9483439E+00
  0.1211715E-01 -0.3048549E+00 -0.9523988E+00
  0.2180731E-01 -0.2920516E+00 -0.9564026E+00
  0.3149736E-01 -0.2788452E+00 -0.9603360E+00
  0.4118752E-01 -0.2652424E+00 -0.9641818E+00
  0.5087757E-01 -0.2512493E+00 -0.9679224E+00
  0.6056774E-01 -0.2368784E+00 -0.9715393E+00
  0.7025790E-01 -0.2221469E+00 -0.9750132E+00
  0.7994795E-01 -0.2070679E+00 -0.9783266E+00
  0.8963811E-01 -0.1916522E+00 -0.9814630E+00
  0.9932816E-01 -0.1759206E+00 -0.9844044E+00
  0.1090183E+00 -0.1599018E+00 -0.9871329E+00
  0.1187084E+00 -0.1436219E+00 -0.9896326E+00
  0.1283985E+00 -0.1270979E+00 -0.9918901E+00
  0.1380886E+00 -0.1103507E+00 -0.9938927E+00
  0.1477787E+00 -0.9340855E-01 -0.9956279E+00
  0.1574688E+00 -0.7630064E-01 -0.9970848E+00
  0.1671590E+00 -0.5904901E-01 -0.9982551E+00
  0.1768490E+00 -0.4168067E-01 -0.9991310E+00
  0.1865392E+00 -0.2423619E-01 -0.9997062E+00
  0.1962292E+00 -0.6762417E-02 -0.9999771E+00
  0.2059194E+00  0.1070650E-01 -0.9999427E+00
  0.2156094E+00  0.2814844E-01 -0.9996038E+00
  0.2252997E+00  0.4554126E-01 -0.9989625E+00
  0.2349898E+00  0.6285436E-01 -0.9980227E+00
  0.2446798E+00  0.8006008E-01 -0.9967900E+00
  0.2543699E+00  0.9713615E-01 -0.9952711E+00
  0.2640601E+00  0.1140559E+00 -0.9934743E+00
  0.2737502E+00  0.1307797E+00 -0.9914114E+00
  0.2834402E+00  0.1472685E+00 -0.9890966E+00
  0.2931303E+00  0.1634963E+00 -0.9865440E+00
  0.3028206E+00  0.1794471E+00 -0.9837676E+00
  0.3125106E+00  0.1951008E+00 -0.9807832E+00
  0.3222007E+00  0.2104350E+00 -0.9776079E+00
  0.3318907E+00  0.2254334E+00 -0.9742586E+00
  0.3415810E+00  0.2400863E+00 -0.9707516E+00
  0.3512710E+00  0.2543794E+00 -0.9671046E+00
  0.3609611E+00  0.2682936E+00 -0.9633372E+00
  0.3706514E+00  0.2818144E+00 -0.9594689E+00
  0.3803414E+00  0.2949337E+00 -0.9555176E+00
  0.3900315E+00  0.3076456E+00 -0.9515010E+00
  0.3997215E+00  0.3199407E+00 -0.9474376E+00
  0.4094118E+00  0.3318129E+00 -0.9433452E+00
  0.4191018E+00  0.3432607E+00 -0.9392402E+00
  0.4287919E+00  0.3542835E+00 -0.9351380E+00
  0.4384819E+00  0.3648781E+00 -0.9310553E+00
  0.4481722E+00  0.3750443E+00 -0.9270069E+00
  0.4578623E+00  0.3847848E+00 -0.9230063E+00
  0.4675523E+00  0.3941030E+00 -0.9190664E+00
  0.4772424E+00  0.4029993E+00 -0.9152002E+00
  0.4869326E+00  0.4114744E+00 -0.9114214E+00
  0.4966227E+00  0.4195302E+00 -0.9077414E+00
  0.5063127E+00  0.4271697E+00 -0.9041715E+00
  0.5160028E+00  0.4343960E+00 -0.9007220E+00
  0.5256931E+00  0.4412149E+00 -0.8974015E+00
  0.5353831E+00  0.4476328E+00 -0.8942175E+00
  0.5450732E+00  0.4536548E+00 -0.8911775E+00
  0.5547634E+00  0.4592851E+00 -0.8882889E+00
  0.5644535E+00  0.4645275E+00 -0.8855587E+00
  0.5741435E+00  0.4693865E+00 -0.8829929E+00
  0.5838336E+00  0.4738659E+00 -0.8805971E+00
  0.5935239E+00  0.4779693E+00 -0.8783765E+00
  0.6032139E+00  0.4817008E+00 -0.8763357E+00
  0.6129040E+00  0.4850644E+00 -0.8744784E+00
  0.6225940E+00  0.4880637E+00 -0.8728080E+00
  0.6322843E+00  0.4907027E+00 -0.8713272E+00
  0.6419743E+00  0.4929850E+00 -0.8700378E+00
  0.6516644E+00  0.4949127E+00 -0.8689426E+00
  0.6613544E+00  0.4964862E+00 -0.8680446E+00
  0.6710447E+00  0.4977054E+00 -0.8673462E+00
  0.6807348E+00  0.4985711E+00 -0.8668488E+00
  0.6904248E+00  0.4990859E+00 -0.8665525E+00
  0.7001151E+00  0.4992537E+00 -0.8664559E+00
  0.7098051E+00  0.4990769E+00 -0.8665577E+00
  0.7194952E+00  0.4985538E+00 -0.8668588E+00
  0.7291852E+00  0.4976805E+00 -0.8673604E+00
  0.7388755E+00  0.4964533E+00 -0.8680634E+00
  0.7485656E+00  0.4948706E+00 -0.8689667E+00
  0.7582556E+00  0.4929332E+00 -0.8700672E+00
  0.7679456E+00  0.4906417E+00 -0.8713614E+00
  0.7776359E+00  0.4879952E+00 -0.8728464E+00
  0.7873260E+00  0.4849894E+00 -0.8745199E+00
  0.7970160E+00  0.4816190E+00 -0.8763807E+00
  0.8067061E+00  0.4778790E+00 -0.8784256E+00
  0.8163964E+00  0.4737656E+00 -0.8806511E+00
  0.8260864E+00  0.4692756E+00 -0.8830518E+00
  0.8357764E+00  0.4644064E+00 -0.8856222E+00
  0.8454667E+00  0.4591549E+00 -0.8883562E+00
  0.8551568E+00  0.4535169E+00 -0.8912477E+00
  0.8648468E+00  0.4474868E+00 -0.8942906E+00
  0.8745369E+00  0.4410593E+00 -0.8974780E+00
  0.8842272E+00  0.4342291E+00 -0.9008025E+00
  0.8939172E+00  0.4269907E+00 -0.9042560E+00
  0.9036072E+00  0.4193395E+00 -0.9078295E+00
  0.9132973E+00  0.4112739E+00 -0.9115118E+00
  0.9229876E+00  0.4027921E+00 -0.9152915E+00
  0.9326776E+00  0.3938918E+00 -0.9191568E+00
  0.9423677E+00  0.3845690E+00 -0.9230963E+00
  0.9520577E+00  0.3748201E+00 -0.9270976E+00
  0.9617480E+00  0.3646395E+00 -0.9311487E+00
  0.9714381E+00  0.3540239E+00 -0.9352363E+00
  0.9811281E+00  0.3429770E+00 -0.9393438E+00
  0.9908181E+00  0.3315104E+00 -0.9434516E+00
  0.1000508E+01  0.3196339E+00 -0.9475411E+00
  0.1010198E+01  0.3073503E+00 -0.9515964E+00
  0.1019889E+01  0.2946554E+00 -0.9556037E+00
  0.1029579E+01  0.2815410E+00 -0.9595491E+00
  0.1039269E+01  0.2679996E+00 -0.9634190E+00
  0.1048959E+01  0.2540340E+00 -0.9671953E+00
  0.1058649E+01  0.2396766E+00 -0.9708527E+00
  0.1068339E+01  0.2249847E+00 -0.9743623E+00
  0.1078029E+01  0.2100126E+00 -0.9776987E+00
  0.1087719E+01  0.1947765E+00 -0.9808476E+00
  0.1097409E+01  0.1792458E+00 -0.9838043E+00
  0.1107100E+01  0.1633543E+00 -0.9865675E+00
  0.1116790E+01  0.1470346E+00 -0.9891313E+00
  0.1126480E+01  0.1302708E+00 -0.9914785E+00
  0.1136170E+01  0.1131652E+00 -0.9935762E+00
  0.1145860E+01  0.9597141E-01 -0.9953840E+00
  0.1155550E+01  0.7907112E-01 -0.9968689E+00
  0.1165240E+01  0.6291411E-01 -0.9980190E+00
  0.1174930E+01  0.4797339E-01 -0.9988487E+00
  0.1184620E+01  0.3471463E-01 -0.9993973E+00
  0.1194311E+01  0.2354042E-01 -0.9997229E+00
  0.1204001E+01  0.1470364E-01 -0.9998919E+00
  0.1213691E+01  0.8227075E-02 -0.9999661E+00
  0.1223381E+01  0.3891114E-02 -0.9999925E+00
  0.1233071E+01  0.1300664E-02 -0.9999992E+00
  0.1242761E+01 -0.7156212E-05 -0.1000000E+01
  0.1252451E+01 -0.4718509E-03 -0.9999999E+00
  0.1262141E+01 -0.4597670E-03 -0.9999999E+00
  0.1271831E+01 -0.2480687E-03 -0.1000000E+01
  0.1281521E+01 -0.2316606E-04 -0.1000000E+01
  0.1291212E+01  0.1156704E-03 -0.1000000E+01
  0.1300902E+01  0.1451422E-03 -0.1000000E+01
  0.1310592E+01  0.9524700E-04 -0.1000000E+01
  0.1320282E+01  0.1825915E-04 -0.1000000E+01
  0.1329972E+01 -0.4045809E-04 -0.1000000E+01
  0.1339662E+01 -0.5968651E-04 -0.1000000E+01
  0.1349352E+01 -0.4375036E-04 -0.1000000E+01
  0.1359043E+01 -0.1204633E-04 -0.1000000E+01
  0.1368733E+01  0.1499250E-04 -0.1000000E+01
  0.1378423E+01  0.2590409E-04 -0.1000000E+01
  0.1388113E+01  0.2072354E-04 -0.1000000E+01
  0.1397803E+01  0.7214735E-05 -0.1000000E+01
  0.1407493E+01 -0.5378208E-05 -0.1000000E+01
  0.1417183E+01 -0.1126739E-04 -0.1000000E+01
  0.1426873E+01 -0.9788022E-05 -0.1000000E+01
  0.1436563E+01 -0.4053307E-05 -0.1000000E+01
  0.1446253E+01  0.1777994E-05 -0.1000000E+01
  0.1455943E+01  0.4852982E-05 -0.1000000E+01
  0.1465634E+01  0.4579654E-05 -0.1000000E+01
  0.1475324E+01  0.2178668E-05 -0.1000000E+01
  0.1485014E+01 -0.4964405E-06 -0.1000000E+01
  0.1494704E+01 -0.2061901E-05 -0.1000000E+01
  0.1504394E+01 -0.2120656E-05 -0.1000000E+01
  0.1514084E+01 -0.1133907E-05 -0.1000000E+01
  0.1523774E+01  0.8099753E-07 -0.1000000E+01
  0.1533464E+01  0.8619044E-06 -0.1000000E+01
  0.1543155E+01  0.9718809E-06 -0.1000000E+01
  0.1552845E+01  0.5757188E-06 -0.1000000E+01
  0.1562535E+01  0.2964215E-07 -0.1000000E+01
  0.1572225E+01 -0.3533318E-06 -0.1000000E+01
  0.1581915E+01 -0.4408419E-06 -0.1000000E+01
  0.1591605E+01 -0.2865420E-06 -0.1000000E+01
  0.1601295E+01 -0.4369506E-07 -0.1000000E+01
  0.1610985E+01  0.1413897E-06 -0.1000000E+01
  0.1620675E+01  0.1978937E-06 -0.1000000E+01
  0.1630365E+01  0.1402552E-06 -0.1000000E+01
  0.1640056E+01  0.3346230E-07 -0.1000000E+01
  0.1649746E+01 -0.5482537E-07 -0.1000000E+01
  0.1659436E+01 -0.8788629E-07 -0.1000000E+01
  0.1669126E+01 -0.6766673E-07 -0.1000000E+01
  0.1678816E+01 -0.2126657E-07 -0.1000000E+01
  0.1688506E+01  0.2034961E-07 -0.1000000E+01
  0.1698196E+01  0.3859241E-07 -0.1000000E+01
  0.1707886E+01  0.3222825E-07 -0.1000000E+01
  0.1717576E+01  0.1233355E-07 -0.1000000E+01
  0.1727267E+01 -0.7066237E-08 -0.1000000E+01
  0.1736957E+01 -0.1674156E-07 -0.1000000E+01
  0.1746647E+01 -0.1516991E-07 -0.1000000E+01
  0.1756337E+01 -0.6766651E-08 -0.1000000E+01
  0.1766027E+01  0.2181217E-08 -0.1000000E+01
  0.1775717E+01  0.7165581E-08 -0.1000000E+01
  0.1785407E+01  0.7062103E-08 -0.1000000E+01
  0.1795097E+01  0.3574057E-08 -0.1000000E+01
  0.1804788E+01 -0.5103601E-09 -0.1000000E+01
  0.1814478E+01 -0.3020524E-08 -0.1000000E+01
  0.1824168E+01 -0.3253058E-08 -0.1000000E+01
  0.1833858E+01 -0.1835491E-08 -0.1000000E+01
  0.1843548E+01  0.9808956E-11 -0.1000000E+01
  0.1853238E+01  0.1250728E-08 -0.1000000E+01
  0.1862928E+01  0.1483052E-08 -0.1000000E+01
  0.1872618E+01  0.9220580E-09 -0.1000000E+01
  0.1882308E+01  0.9708474E-10 -0.1000000E+01
  0.1891998E+01 -0.5068022E-09 -0.1000000E+01
  0.1901688E+01 -0.6691616E-09 -0.1000000E+01
  0.1911379E+01 -0.4548764E-09 -0.1000000E+01
  0.1921069E+01 -0.9006210E-10 -0.1000000E+01
  0.1930759E+01  0.1997957E-09 -0.1000000E+01
  0.1940449E+01  0.2987622E-09 -0.1000000E+01
  0.1950139E+01  0.2209639E-09 -0.1000000E+01
  0.1959829E+01  0.6149880E-10 -0.1000000E+01
  0.1969519E+01 -0.7591359E-10 -0.1000000E+01
  0.1979210E+01 -0.1319315E-09 -0.1000000E+01
  0.1988900E+01 -0.1058892E-09 -0.1000000E+01
  0.1998590E+01 -0.3705852E-10 -0.1000000E+01
  0.2008280E+01  0.2734267E-10 -0.1000000E+01
  0.2017970E+01  0.5758234E-10 -0.1000000E+01
  0.2027660E+01  0.5012525E-10 -0.1000000E+01
  0.2037350E+01  0.2082980E-10 -0.1000000E+01
  0.2047040E+01 -0.9026817E-11 -0.1000000E+01
  0.2056730E+01 -0.2481322E-10 -0.1000000E+01
  0.2066421E+01 -0.2345952E-10 -0.1000000E+01
  0.2076110E+01 -0.1119143E-10 -0.1000000E+01
  0.2085801E+01  0.2507257E-11 -0.1000000E+01
  0.2095491E+01  0.1054090E-10 -0.1000000E+01
  0.2105181E+01  0.1086205E-10 -0.1000000E+01
  0.2114871E+01  0.5821479E-11 -0.1000000E+01
  0.2124561E+01 -0.3988674E-12 -0.1000000E+01
  0.2134251E+01 -0.4404695E-11 -0.1000000E+01
  0.2143941E+01 -0.4977006E-11 -0.1000000E+01
  0.2153631E+01 -0.2954482E-11 -0.1000000E+01
  0.2163321E+01 -0.1591126E-12 -0.1000000E+01
  0.2173012E+01  0.1804897E-11 -0.1000000E+01
  0.2182702E+01  0.2257089E-11 -0.1000000E+01
  0.2192392E+01  0.1469892E-11 -0.1000000E+01
  0.2202082E+01  0.2270944E-12 -0.1000000E+01
  0.2211772E+01 -0.7218061E-12 -0.1000000E+01
  0.2221462E+01 -0.1012984E-11 -0.1000000E+01
  0.2231152E+01 -0.7192554E-12 -0.1000000E+01
  0.2240842E+01 -0.1728369E-12 -0.1000000E+01
  0.2250533E+01  0.2796774E-12 -0.1000000E+01
  0.2260222E+01  0.4497730E-12 -0.1000000E+01
  0.2269913E+01  0.3469046E-12 -0.1000000E+01
  0.2279603E+01  0.1095658E-12 -0.1000000E+01
  0.2289293E+01 -0.1036876E-12 -0.1000000E+01
  0.2298983E+01 -0.1974557E-12 -0.1000000E+01
  0.2308673E+01 -0.1651837E-12 -0.1000000E+01
  0.2318363E+01 -0.6344649E-13 -0.1000000E+01
  0.2328053E+01  0.3594026E-13 -0.1000000E+01
  0.2337743E+01  0.8563385E-13 -0.1000000E+01
  0.2347434E+01  0.7773295E-13 -0.1000000E+01
  0.2357123E+01  0.3477722E-13 -0.1000000E+01
  0.2366814E+01 -0.1105391E-13 -0.1000000E+01
  0.2376504E+01 -0.3664159E-13 -0.1000000E+01
  0.2386194E+01 -0.3617958E-13 -0.1000000E+01
  0.2395884E+01 -0.1835624E-13 -0.1000000E+01
  0.2405574E+01  0.2560163E-14 -0.1000000E+01
  0.2415264E+01  0.1544016E-13 -0.1000000E+01
  0.2424954E+01  0.1666192E-13 -0.1000000E+01
  0.2434645E+01  0.9421876E-14 -0.1000000E+01
  0.2444335E+01 -0.2547436E-16 -0.1000000E+01
  0.2454025E+01 -0.6390854E-14 -0.1000000E+01
  0.2463715E+01 -0.7594498E-14 -0.1000000E+01
  0.2473405E+01 -0.4731213E-14 -0.1000000E+01
  0.2483095E+01 -0.5083424E-15 -0.1000000E+01
  0.2492785E+01  0.2588237E-14 -0.1000000E+01
  0.2502475E+01  0.3425929E-14 -0.1000000E+01
  0.2512166E+01  0.2333174E-14 -0.1000000E+01
  0.2521855E+01  0.4662902E-15 -0.1000000E+01
  0.2531546E+01 -0.1019695E-14 -0.1000000E+01
  0.2541236E+01 -0.1529244E-14 -0.1000000E+01
  0.2550926E+01 -0.1133056E-14 -0.1000000E+01
  0.2560616E+01 -0.3171828E-15 -0.1000000E+01
  0.2570306E+01  0.3870675E-15 -0.1000000E+01
  0.2579996E+01  0.6751462E-15 -0.1000000E+01
  0.2589686E+01  0.5428246E-15 -0.1000000E+01
  0.2599376E+01  0.1907795E-15 -0.1000000E+01
  0.2609066E+01 -0.1392185E-15 -0.1000000E+01
  0.2618757E+01 -0.2945973E-15 -0.1000000E+01
  0.2628447E+01 -0.2568981E-15 -0.1000000E+01
  0.2638137E+01 -0.1071059E-15 -0.1000000E+01
  0.2647827E+01  0.4584635E-16 -0.1000000E+01
  0.2657517E+01  0.1269110E-15 -0.1000000E+01
  0.2667207E+01  0.1202053E-15 -0.1000000E+01
  0.2676897E+01  0.5749988E-16 -0.1000000E+01
  0.2686587E+01 -0.1266205E-16 -0.1000000E+01
  0.2696278E+01 -0.5389590E-16 -0.1000000E+01
  0.2705967E+01 -0.5564442E-16 -0.1000000E+01
  0.2715658E+01 -0.2989218E-16 -0.1000000E+01
  0.2725348E+01  0.1960348E-17 -0.1000000E+01
  0.2735038E+01  0.2251289E-16 -0.1000000E+01
  0.2744728E+01  0.2549094E-16 -0.1000000E+01
  0.2754418E+01  0.1516370E-16 -0.1000000E+01
  0.2764108E+01  0.8525559E-18 -0.1000000E+01
  0.2773798E+01 -0.9220819E-17 -0.1000000E+01
  0.2783488E+01 -0.1155780E-16 -0.1000000E+01
  0.2793179E+01 -0.7541330E-17 -0.1000000E+01
  0.2802869E+01 -0.1179819E-17 -0.1000000E+01
  0.2812559E+01  0.3685451E-17 -0.1000000E+01
  0.2822249E+01  0.5186138E-17 -0.1000000E+01
  0.2831939E+01  0.3689103E-17 -0.1000000E+01
  0.2841629E+01  0.8928753E-18 -0.1000000E+01
  0.2851319E+01 -0.1426977E-17 -0.1000000E+01
  0.2861009E+01 -0.2302413E-17 -0.1000000E+01
  0.2870699E+01 -0.1779080E-17 -0.1000000E+01
  0.2880390E+01 -0.5646349E-18 -0.1000000E+01
  0.2890079E+01  0.5286273E-18 -0.1000000E+01
  0.2899770E+01  0.1011084E-17 -0.1000000E+01
  0.2909460E+01  0.8475730E-18 -0.1000000E+01
  0.2919150E+01  0.3269120E-18 -0.1000000E+01
  0.2928840E+01 -0.1832127E-18 -0.1000000E+01
  0.2938530E+01 -0.4395098E-18 -0.1000000E+01
  0.2948220E+01 -0.4002999E-18 -0.1000000E+01
  0.2957911E+01 -0.1800284E-18 -0.1000000E+01
  0.2967600E+01  0.5661962E-19 -0.1000000E+01
  0.2977291E+01  0.1903684E-18 -0.1000000E+01
  0.2986981E+01  0.1897607E-18 -0.1000000E+01
  0.2996671E+01  0.9762746E-19 -0.1000000E+01
  0.3006361E+01 -0.1351983E-19 -0.1000000E+01
  0.3016051E+01 -0.8529677E-19 -0.1000000E+01
  0.3025741E+01 -0.9587723E-19 -0.1000000E+01
  0.3035431E+01 -0.5766504E-19 -0.1000000E+01
  0.3045121E+01  0.3179475E-23 -0.1000000E+01
