 -0.1912522E+01
 -0.1890349E+01
 -0.1868176E+01
 -0.1846003E+01
 -0.1823830E+01
 -0.1801657E+01
 -0.1779484E+01
 -0.1757311E+01
 -0.1735138E+01
 -0.1712965E+01
 -0.1690792E+01
 -0.1668620E+01
 -0.1646447E+01
 -0.1624274E+01
 -0.1602101E+01
 -0.1579928E+01
 -0.1557755E+01
 -0.1535582E+01
 -0.1513409E+01
 -0.1491236E+01
 -0.1469063E+01
 -0.1446890E+01
 -0.1424717E+01
 -0.1402544E+01
 -0.1380371E+01
 -0.1358199E+01
 -0.1336026E+01
 -0.1313853E+01
 -0.1291680E+01
 -0.1269507E+01
 -0.1247334E+01
 -0.1225161E+01
 -0.1202988E+01
 -0.1180815E+01
 -0.1158642E+01
 -0.1136469E+01
 -0.1114296E+01
 -0.1092123E+01
 -0.1069950E+01
 -0.1047778E+01
 -0.1025605E+01
 -0.1003432E+01
 -0.9812083E+00
 -0.9589758E+00
 -0.9367433E+00
 -0.9145107E+00
 -0.8922782E+00
 -0.8700457E+00
 -0.8478131E+00
 -0.8255806E+00
 -0.8033481E+00
 -0.7811598E+00
 -0.7589868E+00
 -0.7368453E+00
 -0.7148263E+00
 -0.6929238E+00
 -0.6711649E+00
 -0.6495765E+00
 -0.6281728E+00
 -0.6069607E+00
 -0.5859432E+00
 -0.5651209E+00
 -0.5444917E+00
 -0.5240507E+00
 -0.5037903E+00
 -0.4836951E+00
 -0.4637565E+00
 -0.4439587E+00
 -0.4242876E+00
 -0.4047271E+00
 -0.3852598E+00
 -0.3658681E+00
 -0.3465440E+00
 -0.3272493E+00
 -0.3079906E+00
 -0.2887383E+00
 -0.2694746E+00
 -0.2501749E+00
 -0.2308371E+00
 -0.2114349E+00
 -0.1919535E+00
 -0.1723751E+00
 -0.1526836E+00
 -0.1328634E+00
 -0.1128998E+00
 -0.9277852E-01
 -0.7248756E-01
 -0.5201608E-01
 -0.3135585E-01
 -0.1050116E-01
  0.1055041E-01
  0.3179758E-01
  0.5323476E-01
  0.7485185E-01
  0.9663363E-01
  0.1185602E+00
  0.1406065E+00
  0.1627448E+00
  0.1849417E+00
  0.2071593E+00
  0.2293699E+00
  0.2515320E+00
  0.2736132E+00
  0.2955835E+00
  0.3174209E+00
  0.3390990E+00
  0.3606013E+00
  0.3819164E+00
  0.4030370E+00
  0.4239613E+00
  0.4446912E+00
  0.4652290E+00
  0.4855832E+00
  0.5057638E+00
  0.5257841E+00
  0.5456520E+00
  0.5653797E+00
  0.5850046E+00
  0.6045115E+00
  0.6239496E+00
  0.6432932E+00
  0.6626051E+00
  0.6819015E+00
  0.7011538E+00
  0.7204061E+00
  0.7397096E+00
  0.7590215E+00
  0.7783723E+00
  0.7978247E+00
  0.8173387E+00
  0.8369779E+00
  0.8567253E+00
  0.8766093E+00
  0.8966439E+00
  0.9168459E+00
  0.9372216E+00
  0.9577811E+00
  0.9785351E+00
  0.9994838E+00
  0.1020615E+01
  0.1041972E+01
  0.1063474E+01
  0.1085194E+01
  0.1107026E+01
  0.1129014E+01
  0.1151143E+01
  0.1173316E+01
  0.1195489E+01
  0.1217662E+01
  0.1239835E+01
  0.1262007E+01
  0.1284180E+01
  0.1306353E+01
  0.1328526E+01
  0.1350699E+01
  0.1372872E+01
  0.1395045E+01
  0.1417218E+01
  0.1439391E+01
  0.1461564E+01
  0.1483737E+01
  0.1505910E+01
  0.1528083E+01
  0.1550256E+01
  0.1572428E+01
  0.1594601E+01
  0.1616774E+01
  0.1638947E+01
  0.1661120E+01
  0.1683293E+01
  0.1705466E+01
  0.1727639E+01
  0.1749812E+01
  0.1771985E+01
  0.1794158E+01
  0.1816331E+01
  0.1838504E+01
  0.1860677E+01
  0.1882849E+01
  0.1905022E+01
  0.1927195E+01
  0.1949368E+01
  0.1971541E+01
  0.1993714E+01
  0.2015887E+01
  0.2038060E+01
  0.2060233E+01
  0.2082406E+01
  0.2104579E+01
  0.2126752E+01
  0.2148925E+01
  0.2171098E+01
  0.2193270E+01
  0.2215443E+01
  0.2237616E+01
  0.2259789E+01
  0.2281962E+01
  0.2304135E+01
  0.2326308E+01
  0.2348481E+01
  0.2370654E+01
  0.2392827E+01
  0.2415000E+01
  0.2437173E+01
  0.2459346E+01
  0.2481519E+01
  0.2503691E+01
  0.2525864E+01
  0.2548037E+01
  0.2570210E+01
  0.2592383E+01
  0.2614556E+01
  0.2636729E+01
  0.2658902E+01
  0.2681075E+01
  0.2703248E+01
  0.2725421E+01
  0.2747594E+01
  0.2769767E+01
  0.2791939E+01
  0.2814112E+01
  0.2836285E+01
  0.2858458E+01
  0.2880631E+01
  0.2902804E+01
