 -0.1346691E+00
 -0.1568913E+00
 -0.1791135E+00
 -0.2013357E+00
 -0.2235579E+00
 -0.2457802E+00
 -0.2680024E+00
 -0.2902246E+00
 -0.3124468E+00
 -0.3346691E+00
 -0.3568913E+00
 -0.3791135E+00
 -0.4013357E+00
 -0.4235579E+00
 -0.4457802E+00
 -0.4680024E+00
 -0.4902246E+00
 -0.5124468E+00
 -0.5346690E+00
 -0.5568913E+00
 -0.5791135E+00
 -0.6013357E+00
 -0.6235579E+00
 -0.6457801E+00
 -0.6680024E+00
 -0.6902246E+00
 -0.7124468E+00
 -0.7346690E+00
 -0.7568913E+00
 -0.7791135E+00
 -0.8013357E+00
 -0.8235579E+00
 -0.8457802E+00
 -0.8680024E+00
 -0.8902246E+00
 -0.9124469E+00
 -0.9346691E+00
 -0.9568913E+00
 -0.9791135E+00
 -0.1001336E+01
 -0.1023558E+01
 -0.1045780E+01
 -0.1068002E+01
 -0.1090225E+01
 -0.1112447E+01
 -0.1134669E+01
 -0.1156891E+01
 -0.1179114E+01
 -0.1201336E+01
 -0.1223558E+01
 -0.1245780E+01
 -0.1268002E+01
 -0.1290225E+01
 -0.1312447E+01
 -0.1334669E+01
 -0.1356891E+01
 -0.1379114E+01
 -0.1401336E+01
 -0.1423558E+01
 -0.1445780E+01
 -0.1468002E+01
 -0.1490225E+01
 -0.1512447E+01
 -0.1534669E+01
 -0.1556891E+01
 -0.1579113E+01
 -0.1601336E+01
 -0.1623558E+01
 -0.1645780E+01
 -0.1668002E+01
 -0.1690225E+01
 -0.1712447E+01
 -0.1734669E+01
 -0.1756891E+01
 -0.1779114E+01
 -0.1801336E+01
 -0.1823558E+01
 -0.1845780E+01
 -0.1868002E+01
 -0.1890225E+01
 -0.1912447E+01
 -0.1934669E+01
 -0.1956891E+01
 -0.1979114E+01
 -0.2001336E+01
 -0.2023558E+01
 -0.2045780E+01
 -0.2068002E+01
 -0.2090225E+01
 -0.2112447E+01
