  0.3610463E+00
  0.3832685E+00
  0.4054907E+00
  0.4277129E+00
  0.4499352E+00
  0.4721574E+00
  0.4943796E+00
  0.5166019E+00
  0.5388241E+00
  0.5610463E+00
  0.5832685E+00
  0.6054907E+00
  0.6277130E+00
  0.6499352E+00
  0.6721574E+00
  0.6943796E+00
  0.7166018E+00
  0.7388241E+00
  0.7610463E+00
  0.7832685E+00
  0.8054907E+00
  0.8277130E+00
  0.8499352E+00
  0.8721574E+00
  0.8943796E+00
  0.9166018E+00
  0.9388241E+00
  0.9610463E+00
  0.9832685E+00
  0.1005491E+01
  0.1027713E+01
  0.1049935E+01
  0.1072157E+01
  0.1094380E+01
  0.1116602E+01
  0.1138824E+01
  0.1161046E+01
  0.1183269E+01
  0.1205491E+01
  0.1227713E+01
  0.1249935E+01
  0.1272157E+01
  0.1294380E+01
  0.1316602E+01
  0.1338824E+01
  0.1361046E+01
  0.1383268E+01
  0.1405491E+01
  0.1427713E+01
  0.1449935E+01
  0.1472157E+01
  0.1494380E+01
  0.1516602E+01
  0.1538824E+01
  0.1561046E+01
  0.1583269E+01
  0.1605491E+01
  0.1627713E+01
  0.1649935E+01
  0.1672157E+01
  0.1694380E+01
  0.1716602E+01
  0.1738824E+01
  0.1761046E+01
  0.1783269E+01
  0.1805491E+01
  0.1827713E+01
  0.1849935E+01
  0.1872157E+01
  0.1894380E+01
  0.1916602E+01
  0.1938824E+01
  0.1961046E+01
  0.1983268E+01
  0.2005491E+01
  0.2027713E+01
  0.2049935E+01
  0.2072157E+01
  0.2094380E+01
  0.2116602E+01
  0.2138824E+01
  0.2161047E+01
  0.2183269E+01
  0.2205491E+01
  0.2227713E+01
  0.2249935E+01
  0.2272157E+01
  0.2294380E+01
  0.2316602E+01
  0.2338824E+01
