  0.0000000E+00
  0.2546632E-01
  0.5158114E-01
  0.7836115E-01
  0.1058230E+00
  0.1339843E+00
  0.1628627E+00
  0.1924765E+00
  0.2228446E+00
  0.2539859E+00
  0.2859204E+00
  0.3186680E+00
  0.3522496E+00
  0.3866864E+00
  0.4220003E+00
  0.4582134E+00
  0.4953488E+00
  0.5334299E+00
  0.5724807E+00
  0.6125259E+00
  0.6535912E+00
  0.6957020E+00
  0.7388853E+00
  0.7831684E+00
  0.8285791E+00
  0.8751463E+00
  0.9228994E+00
  0.9718686E+00
  0.1022085E+01
  0.1073580E+01
  0.1126386E+01
  0.1180538E+01
  0.1236068E+01
  0.1293012E+01
  0.1351407E+01
  0.1411289E+01
  0.1472696E+01
  0.1535666E+01
  0.1600240E+01
  0.1666459E+01
  0.1734364E+01
  0.1803998E+01
  0.1875405E+01
  0.1948632E+01
  0.2023722E+01
  0.2100725E+01
  0.2179690E+01
  0.2260664E+01
  0.2343702E+01
  0.2428853E+01
  0.2516174E+01
  0.2605718E+01
  0.2697542E+01
  0.2791705E+01
  0.2888266E+01
  0.2987286E+01
  0.3088827E+01
  0.3192955E+01
  0.3299734E+01
  0.3409233E+01
  0.3521519E+01
  0.3636666E+01
  0.3754745E+01
  0.3875831E+01
  0.4000000E+01
